565.000000 260.000000 668.750000 258.750000 19.861849 0.125000 539.618033 
706.250000 263.750000 757.500000 265.000000 17.077856 0.125000 271.584860 
665.000000 262.500000 692.500000 238.750000 17.511653 0.125000 101.832080 
565.000000 225.000000 563.750000 260.000000 14.231603 0.125000 180.288062 
628.750000 221.250000 566.250000 222.500000 15.032891 0.125000 335.352262 
756.250000 220.000000 701.250000 220.000000 15.199745 0.125000 355.563653 
360.000000 435.000000 530.000000 525.000000 16.049678 0.125000 1191.036560 
696.250000 220.000000 630.000000 220.000000 15.032851 0.125000 337.196671 
758.750000 260.000000 758.750000 225.000000 15.282580 0.125000 233.505242 
696.250000 246.250000 713.750000 262.500000 18.627864 0.125000 156.965527 
418.750000 316.250000 357.500000 433.750000 17.034034 0.125000 586.149869 
412.500000 362.500000 471.250000 391.250000 14.712300 0.125000 296.537222 
472.500000 393.750000 441.250000 453.750000 14.457445 0.125000 292.632008 
960.000000 283.750000 807.500000 361.250000 15.276859 0.125000 923.671170 
520.000000 446.250000 528.750000 432.500000 13.888915 0.125000 42.679250 
806.250000 366.250000 882.500000 510.000000 15.010625 0.125000 1229.014887 
381.250000 421.250000 411.250000 365.000000 13.428695 0.125000 287.530160 
432.500000 381.250000 418.750000 407.500000 12.335396 0.125000 83.602287 
831.250000 366.250000 892.500000 336.250000 13.074200 0.125000 339.168830 
632.500000 228.750000 632.500000 253.750000 8.860055 0.125000 88.280195 
621.250000 253.750000 622.500000 228.750000 10.018590 0.125000 98.274928 
893.750000 335.000000 926.250000 396.250000 14.334352 0.125000 312.163152 
421.250000 422.500000 396.250000 406.250000 11.443709 0.125000 52.077400 
685.000000 253.750000 692.500000 250.000000 5.081141 0.125000 4.674981 
1053.750000 463.750000 961.250000 286.250000 16.986864 0.125000 911.243140 
438.750000 455.000000 380.000000 426.250000 13.451975 0.125000 273.366313 
925.000000 398.750000 863.750000 430.000000 13.440609 0.125000 303.242895 
893.750000 356.250000 862.500000 371.250000 11.368876 0.125000 81.832245 
766.250000 223.750000 756.250000 216.250000 4.470460 0.125000 6.393176 
556.250000 477.500000 536.250000 451.250000 13.726313 0.125000 135.776478 
446.250000 390.000000 436.250000 387.500000 9.094896 0.125000 7.208907 
441.250000 430.000000 452.500000 410.000000 8.998858 0.125000 53.733626 
536.250000 516.250000 555.000000 481.250000 13.318176 0.125000 133.006213 
492.500000 498.750000 505.000000 477.500000 10.508151 0.125000 23.520622 
861.250000 428.750000 828.750000 370.000000 12.869156 0.125000 284.184277 
896.250000 387.500000 872.500000 402.500000 10.966244 0.125000 62.400609 
872.500000 380.000000 886.250000 373.750000 11.179281 0.125000 24.578016 
688.750000 237.500000 688.750000 226.250000 8.896856 0.125000 16.447895 
160.000000 717.500000 166.250000 0.000000 15.174845 0.125000 4038.737529 
860.000000 382.500000 852.500000 363.750000 9.263694 0.125000 2.677480 
901.250000 371.250000 895.000000 361.250000 8.772409 0.125000 17.013002 
515.000000 686.250000 425.000000 713.750000 15.107103 0.125000 462.092537 
453.750000 411.250000 446.250000 388.750000 12.779061 0.125000 39.257118 
445.000000 405.000000 437.500000 416.250000 7.288644 0.125000 14.347775 
428.750000 412.500000 435.000000 400.000000 7.332654 0.125000 9.852126 
878.750000 410.000000 898.750000 400.000000 7.288786 0.125000 67.235252 
886.250000 516.250000 898.750000 538.750000 13.541233 0.125000 94.724594 
843.750000 375.000000 850.000000 386.250000 7.503582 0.125000 16.243604 
902.500000 543.750000 931.250000 528.750000 13.551605 0.125000 119.963435 
1207.500000 0.000000 1195.000000 25.000000 14.404480 0.125000 110.599397 
1201.250000 22.500000 1200.000000 106.250000 13.917209 0.125000 423.750107 
397.500000 422.500000 415.000000 431.250000 7.352871 0.125000 45.429880 
575.000000 441.250000 583.750000 425.000000 14.162450 0.125000 67.460994 
548.750000 427.500000 571.250000 440.000000 9.837472 0.125000 4.991826 
585.000000 427.500000 587.500000 415.000000 10.220480 0.125000 26.190766 
857.500000 406.250000 880.000000 411.250000 10.524092 0.125000 37.718772 
575.000000 170.000000 607.500000 162.500000 8.814095 0.125000 71.713032 
870.000000 396.250000 876.250000 382.500000 9.359626 0.125000 23.143208 
568.750000 352.500000 437.500000 286.250000 13.487660 0.125000 496.653725 
600.000000 152.500000 571.250000 161.250000 8.072704 0.125000 65.381367 
1201.250000 111.250000 1200.000000 717.500000 14.183809 0.125000 2127.990727 
971.250000 508.750000 1013.750000 487.500000 12.470182 0.125000 154.675803 
928.750000 323.750000 921.250000 308.750000 8.982884 0.125000 4.970460 
610.000000 372.500000 575.000000 356.250000 9.721081 0.125000 109.449783 
957.500000 325.000000 971.250000 317.500000 8.744220 0.125000 5.174711 
223.750000 717.500000 226.250000 48.750000 12.472321 0.125000 2591.251266 
528.750000 470.000000 546.250000 481.250000 7.657621 0.125000 6.601982 
543.750000 488.750000 523.750000 480.000000 7.934487 0.125000 26.362347 
945.000000 521.250000 971.250000 508.750000 12.362653 0.125000 64.030563 
233.750000 5.000000 667.500000 3.750000 9.439028 0.125000 1372.621748 
1017.500000 485.000000 1050.000000 468.750000 11.180000 0.125000 101.352198 
931.250000 498.750000 940.000000 520.000000 7.733349 0.125000 23.713541 
227.500000 51.250000 233.750000 37.500000 13.367831 0.125000 39.017701 
931.250000 525.000000 920.000000 503.750000 8.856904 0.125000 19.819364 
231.250000 38.750000 225.000000 7.500000 12.304602 0.125000 150.457303 
701.250000 680.000000 515.000000 688.750000 14.567618 0.125000 854.085499 
852.500000 246.250000 907.500000 222.500000 11.119932 0.125000 181.978957 
546.250000 445.000000 566.250000 452.500000 6.731045 0.125000 24.661418 
537.500000 405.000000 517.500000 396.250000 9.228617 0.125000 23.190404 
546.250000 388.750000 522.500000 376.250000 8.385242 0.125000 49.018688 
548.750000 417.500000 536.250000 405.000000 11.703369 0.125000 11.305898 
587.500000 415.000000 608.750000 377.500000 8.982156 0.125000 107.220750 
903.750000 212.500000 862.500000 223.750000 10.687913 0.125000 99.766945 
521.250000 692.500000 502.500000 696.250000 4.189343 0.125000 16.676536 
578.750000 417.500000 567.500000 412.500000 5.621987 0.125000 14.850874 
520.000000 335.000000 512.500000 346.250000 6.941302 0.125000 1.491389 
906.250000 696.250000 841.250000 683.750000 9.513780 0.125000 310.264671 
516.250000 393.750000 415.000000 341.250000 9.614892 0.125000 428.712336 
655.000000 686.250000 640.000000 686.250000 3.789424 0.125000 17.946131 
1210.000000 112.500000 1205.000000 120.000000 5.515626 0.125000 11.671603 
1196.250000 101.250000 1188.750000 107.500000 5.783893 0.125000 4.191548 
570.000000 425.000000 550.000000 416.250000 7.873298 0.125000 50.738364 
843.750000 686.250000 695.000000 681.250000 9.575847 0.125000 602.162178 
842.500000 222.500000 846.250000 242.500000 9.603686 0.125000 46.140540 
525.000000 372.500000 537.500000 348.750000 7.285960 0.125000 55.169447 
506.250000 340.000000 510.000000 331.250000 6.067842 0.125000 3.802618 
565.000000 398.750000 547.500000 388.750000 4.209579 0.125000 18.345254 
963.750000 713.750000 901.250000 695.000000 9.953197 0.125000 193.317813 
571.250000 380.000000 560.000000 370.000000 7.410114 0.125000 15.634716 
441.250000 310.000000 425.000000 305.000000 6.323877 0.125000 8.493484 
1187.500000 675.000000 1190.000000 517.500000 6.202852 0.125000 291.040485 
703.750000 138.750000 741.250000 136.250000 4.284665 0.125000 47.252307 
3.750000 393.750000 5.000000 201.250000 4.321453 0.125000 422.165021 
737.500000 127.500000 707.500000 128.750000 3.046536 0.125000 26.154782 
680.000000 686.250000 656.250000 687.500000 1.250000 0.125000 0.787421 
1147.500000 548.750000 1148.750000 662.500000 4.127944 0.125000 117.406865 
3.750000 83.750000 3.750000 0.000000 2.531072 0.125000 41.076802 
3.750000 182.500000 3.750000 93.750000 1.307036 0.125000 49.554280 
